0.0005655052575194839
0.000316096546137507
0.0002881267874952648
0.00020755533184625545
0.0002268296221023088
0.00019779639804009654
0.00021688139348870734
0.00017450164301546504
0.00018641309520024235
0.00016593540807335395
0.00020019138161664365
0.00017028412033282737
0.00016791295842723527
0.0001653439967660056
0.0001566291151746495
0.0001427480793536456
0.00012758897156241544
0.0001397215484961285
0.00015282213513866103
0.00015549077776756887
0.0001553165899083338
0.0001293937859873542
0.00014253860370675047
0.0001457757249461464
0.0001539680278577467
0.00014756413791268126
0.00014741419885523077
0.00013375053830589714
0.00012888904851616708
0.0001348850987440237
0.0001373506697008132
0.00014097867637680097
0.00014197207449041666
0.00013946246056754566
0.00013561668283398315
0.00014184499344782215
0.0001426804288640924
0.00013550950821379184
0.0001318299900903988
0.00013315968650427768
0.00013296148671121621
0.00012991335413420227
0.000139651099527245
0.00013257388278650897
0.0001356779765753052
0.0001384448799254626
0.0001290630477381767
0.00013416485300910447
0.00012871276227189197
0.0001316583756077728
0.0001287953294186774
0.00013955908230934625
0.0001268645472983662
0.00013586517334674442
0.00012466076245896732
0.00013069569376497012
0.00012606477668664908
0.00012986176015528816
0.00013340139403434859
0.00013135949121900788
0.00013136506201482772
0.0001292404598581905
0.00013350683293115195
0.0001313265534968204
0.00012960629116176922
0.00012777419291686023
0.00012802012801859446
0.00013005831188251296
0.00012631586481521467
0.00012889332157911857
0.00012522825556893216
0.00012884127212385094
0.00013083352009189564
0.00013061305992814553
0.00012878316350514312
0.00012595854228702091
0.0001267212672720325
0.0001270461996878725
0.00012903727394429266
0.00012403230665726715
0.00012794041444102685
0.0001240190447906997
0.00012599398759672768
0.00012487701770205945
0.0001284446770025289
0.00012511014541629988
0.00012768826742609986
0.00012881289448591948
0.00012617724437538524
0.00012935011735814068
0.00012477579188879286
0.00012697657027150387
0.00012518854801959786
0.00012680066415698217
0.00012631817150246424
0.00012636606446785766
0.00012380032284236507
0.00012131193761637323
0.00011889783005780723
