0.00047043128193054325
0.00025142555735710047
0.00030584367066711465
0.00023075466170780428
0.0002308610063379315
0.00018971111156776042
0.00018328693723662943
0.00020068432096468028
0.0001883718289778725
0.0001949281509264771
0.00020348016325621876
0.00017018249874154525
0.00017978873192814093
0.00017643808925810263
0.00018668648902791482
0.0001767462398047197
0.000182342862358985
0.00018222186449452852
0.00020306832488784735
0.00016098802597298893
0.00016307078479586636
0.00018125508231475157
0.00019758775944181476
0.00017217529438979932
0.0001723356868864707
0.00017740042957292433
0.00016514182358432495
0.0001628938216608986
0.0001697290089888362
0.00018092156200882542
0.00017457230183542523
0.00017755311359373977
0.00017035155754616409
0.00017345302518265225
0.0001730840773153045
0.00018021036563155534
0.00015490318338664335
0.0001570519166778125
0.00016720247168601132
0.0001727954674620677
0.00016726150246181755
0.00016798484006157112
0.00017460450749131256
0.0001755389757822986
0.00016465658130287964
0.0001663880253692824
0.00017869985299074885
0.0001642840741175442
0.0001665721397710203
0.00016422026231099673
0.00016254778836941847
0.00016168415120779926
0.0001694024691733432
0.00016768265436278179
0.0001629267907057716
0.00017499089082502532
0.00016534753884016247
0.00016994063568798857
0.00016733271826095748
0.0001680562369237041
0.00016473616292366977
0.00016658224717870909
0.00016252987021908845
0.0001675962197739114
0.00017457073567709526
0.0001654379893120763
0.0001676494819841457
0.0001640971364768822
0.0001633074442209365
0.00016627268923749322
0.0001589534311345033
0.00016277012323420874
0.00016493973576037527
0.00016751012077757254
0.00016671072222071025
0.0001640556225586276
0.0001615672437474344
0.0001645710533326934
0.00016682531756520683
0.00016451613358320013
0.0001634353915180152
0.00016984735962548395
0.00016419779153608444
0.00016733262203926468
0.00016646289503519508
0.00016470332926841493
0.00016154655186062332
0.00016671335931438334
0.00016829824223693084
0.00016530984120047135
0.00016449957192548202
0.00016267285236274973
0.00016261125116809344
0.00016399348158016935
0.00016413709835571714
0.00016463233844253035
0.00016491477602473758
0.00016461532224182492
0.00016133947732921251
