0.0002782926795708092
0.0002519857545650438
0.000238182963087488
0.00022786482549380798
0.00022185697985218627
0.00023562183290150158
0.00022770628130059595
0.00022640297539520344
0.00023428831338817465
0.00022890435652203478
0.00022255838114559355
0.00021767232427535678
0.0002200187003111452
0.0002260505262802346
0.0002208767896953346
0.00022469206891488665
0.00021383156990629592
0.00022055791778959058
0.00022455739423079936
0.00021857544245265049
0.0002210782052839677
0.00021029714268472024
0.00021779645295111151
0.0002261890660124222
0.00022069614848881016
0.00022145236169219412
0.00021280694489290666
0.00021694044216471803
0.00021680322331181354
0.0002164321537782209
0.00021992506596660272
0.00021408739095056474
0.0002177312456904058
0.0002190425349469688
0.00020872863516000192
0.00021167297682735987
0.0002145805328909481
0.00021220870714374056
0.0002156831871767525
0.00021667555564436247
0.0002105435854203997
0.0002145603896815375
0.00021794596019091044
0.00021395731563789616
0.00021915320322995696
0.00021392165699686758
0.000218494741699094
0.00021907149543613801
0.00021634012988019338
0.00021623205848509688
0.00021583978144499002
0.00021313456910395938
0.00021684754039782975
0.00021803792897022765
0.0002111583460240489
0.00021820809138672944
0.00021279294279391046
0.00021825174885606422
0.0002145156863016656
0.00021105524441391012
0.0002164054070693678
0.00021614020947697364
0.00021260066082406037
0.00021502905088815268
0.00021441914516979712
0.00021639624472175417
0.00021567298193336535
0.00021495122774767321
0.00021475019234966548
0.00021530019163344853
0.00021413707596779693
0.00021510407720417692
0.00021452971315040503
0.00021266084506750546
0.00021222490236094175
0.00021484095468768692
0.0002168339307703549
0.0002138250436391623
0.00021421524185389704
0.00021594375821771996
0.00021502792427148458
0.00021393093049070798
0.00021705459967921896
0.00021548187311547925
0.00021536858540450573
0.0002150329515302516
0.0002151231460035184
0.0002143822776818036
0.00021547051576153517
0.00021366034422301347
0.00021494390929264497
0.00021514068301820192
0.000215302531090461
0.00021559760337631635
0.00021442175516659276
0.00021442314675220941
0.00021425651049825285
0.00021483274959699448
0.00021453256104643208
