0.0002800402199723069
0.00025190897671957774
0.0002569837077538172
0.0002811556813729019
0.0002496417611114761
0.00024412196634432086
0.0002394922516332736
0.00022611865912022997
0.00022457553754569342
0.00022339187213884997
0.00022781285380095052
0.0002223166904332705
0.00021764853417303006
0.00022585334163389411
0.00021551106371773133
0.00021492484621630522
0.00021732682591340136
0.0002172360367872715
0.00021514119452830567
0.00021768487340069362
0.00021914066886934188
0.00021754435585280877
0.00021617246728015748
0.00021483968571739946
0.00021987257513296922
0.00021103915103315202
0.00021723316482645432
0.00021790363887379222
0.00022562868489239222
0.0002206781038423914
0.0002204703285184826
0.00021618181217261046
0.00021229110100736006
0.00021444906756582936
0.0002203642064073819
0.00021422711358426002
0.00021594100421652964
0.00021822022485458486
0.00021349603063214382
0.0002188221686282578
0.00022198883268812635
0.00021488788569066927
0.0002136005229725705
0.0002168762647089689
0.0002188639153900026
0.00021195909472078317
0.00021077239951329606
0.00021742485497200394
0.00021734606736963192
0.0002124261232912877
0.00021673158007040936
0.00021598131148426928
0.000212504787757462
0.00021641999414834828
0.00021446328840666373
0.00021663453078658797
0.00021652750962484568
0.00021598048244153952
0.00021528359642083303
0.00021609313751639293
0.00021381638892464295
0.0002148193606430555
0.0002159627339320676
0.00021556488885407098
0.00021458384584201632
0.00021323513926029211
0.00021711583799577394
0.00021693260738809083
0.00021306029283277465
0.00021493987960809202
0.0002148919541465339
0.00021505196703913842
0.00021642749468231114
0.0002146967543839513
0.0002136682763094988
0.00021217706714157764
0.00021499620526612163
0.00021481124353981307
0.00021330581396240792
0.0002155890384767433
0.00021529779379070183
0.0002161058184126835
0.00021577974655719495
0.00021332325740904015
0.00021505759203717585
0.00021586724025891187
0.00021554820960959707
0.00021461776208889143
0.00021424858775484002
0.00021499752377715959
0.00021512767403061023
0.00021402187500329256
0.0002150123347931199
0.00021430997950940025
0.00021525490403575826
0.00021522257369542764
0.0002143096422417397
0.00021435553781528572
0.00021453256104643208
